/*--------------------------------*- C++ -*----------------------------------*\
  =========                 |
  \\      /  F ield         | OpenFOAM: The Open Source CFD Toolbox
   \\    /   O peration     | Website:  https://openfoam.org
    \\  /    A nd           | Version:  6
     \\/     M anipulation  |
-------------------------------------------------------------------------------
Description
    Writes out values of fields from cells nearest to specified locations.

\*---------------------------------------------------------------------------*/

#includeEtc "caseDicts/postProcessing/probes/probes.cfg"

fields (p U T UMean UPrime2Mean);
probeLocations
(
    (1.0 0.0 0.0)
    (2.4 0.0 0.0)
    (2.8 0.0 0.0)
    (3.0 0.0 0.0)
    (5.0 0.0 0.0)

    (1.0 0.25 0.0)
    (2.4 0.25 0.0)
    (2.8 0.25 0.0)
    (3.0 0.25 0.0)
    (5.0 0.25 0.0)

    (1.0 0.5 0.0)
    (2.4 0.5 0.0)
    (2.8 0.5 0.0)
    (3.0 0.5 0.0)
    (5.0 0.5 0.0)

    (1.0 0.6 0.0)
    (2.4 0.6 0.0)
    (2.8 0.6 0.0)
    (3.0 0.6 0.0)
    (5.0 0.6 0.0)

    (1.0 0.75 0.0)
    (2.4 0.75 0.0)
    (2.8 0.75 0.0)
    (3.0 0.75 0.0)
    (5.0 0.75 0.0)

    (1.0 1.0 0.0)
    (2.4 1.0 0.0)
    (2.8 1.0 0.0)
    (3.0 1.0 0.0)
    (5.0 1.0 0.0)

    (1.0 0.0 0.25)
    (2.4 0.0 0.25)
    (2.8 0.0 0.25)
    (3.0 0.0 0.25)
    (5.0 0.0 0.25)

    (1.0 0.0 0.5)
    (2.4 0.0 0.5)
    (2.8 0.0 0.5)
    (3.0 0.0 0.5)
    (5.0 0.0 0.5)

    (1.0 0.0 0.6)
    (2.4 0.0 0.6)
    (2.8 0.0 0.6)
    (3.0 0.0 0.6)
    (5.0 0.0 0.6)

    (1.0 0.0 0.75)
    (2.4 0.0 0.75)
    (2.8 0.0 0.75)
    (3.0 0.0 0.75)
    (5.0 0.0 0.75)

    (1.0 0.0 1.0)
    (2.4 0.0 1.0)
    (2.8 0.0 1.0)
    (3.0 0.0 1.0)
    (5.0 0.0 1.0)

);

// ************************************************************************* //
