/*--------------------------------*- C++ -*----------------------------------*\
  =========                 |
  \\      /  F ield         | OpenFOAM: The Open Source CFD Toolbox
   \\    /   O peration     | Website:  https://openfoam.org
    \\  /    A nd           | Version:  6
     \\/     M anipulation  |
-------------------------------------------------------------------------------
Description
    Writes out values of fields from cells nearest to specified locations.

\*---------------------------------------------------------------------------*/

#includeEtc "caseDicts/postProcessing/probes/probes.cfg"

fields (p U T UMean UPrime2Mean Vort);
probeLocations
(
    (	-0.5	0	0	)
    (	-0.25	0	0	)
    (	0	0	0	)
    (	0.25	0	0	)
    (	0.5	0	0	)
    (	0.75	0	0	)
    (	1	0	0	)
    (	1.25	0	0	)
    (	1.5	0	0	)
    (	1.75	0	0	)
    (	2	0	0	)
    (	2.25	0	0	)
    (	2.5	0	0	)
    (	2.75	0	0	)
    (	3	0	0	)
    (	3.25	0	0	)
    (	3.5	0	0	)
    (	3.75	0	0	)
    (	4	0	0	)
    (	4.25	0	0	)
    (	4.5	0	0	)
    (	4.75	0	0	)
    (	5	0	0	)
    (	5.25	0	0	)
    (	5.5	0	0	)
    (	5.75	0	0	)
    (	6	0	0	)
    (	6.25	0	0	)
    (	6.5	0	0	)
    (	6.75	0	0	)
    (	7	0	0	)
    (	7.25	0	0	)
    (	7.5	0	0	)
    (	7.75	0	0	)
    (	8	0	0	)
    (	8.25	0	0	)
    (	8.5	0	0	)
    (	8.75	0	0	)
    (	9	0	0	)
    (	9.25	0	0	)
    (	9.5	0	0	)
    (	9.75	0	0	)
    (	10	0	0	)
    (	-0.5	0.25	0	)
    (	-0.25	0.25	0	)
    (	0	0.25	0	)
    (	0.25	0.25	0	)
    (	0.5	0.25	0	)
    (	0.75	0.25	0	)
    (	1	0.25	0	)
    (	1.25	0.25	0	)
    (	1.5	0.25	0	)
    (	1.75	0.25	0	)
    (	2	0.25	0	)
    (	2.25	0.25	0	)
    (	2.5	0.25	0	)
    (	2.75	0.25	0	)
    (	3	0.25	0	)
    (	3.25	0.25	0	)
    (	3.5	0.25	0	)
    (	3.75	0.25	0	)
    (	4	0.25	0	)
    (	4.25	0.25	0	)
    (	4.5	0.25	0	)
    (	4.75	0.25	0	)
    (	5	0.25	0	)
    (	5.25	0.25	0	)
    (	5.5	0.25	0	)
    (	5.75	0.25	0	)
    (	6	0.25	0	)
    (	6.25	0.25	0	)
    (	6.5	0.25	0	)
    (	6.75	0.25	0	)
    (	7	0.25	0	)
    (	7.25	0.25	0	)
    (	7.5	0.25	0	)
    (	7.75	0.25	0	)
    (	8	0.25	0	)
    (	8.25	0.25	0	)
    (	8.5	0.25	0	)
    (	8.75	0.25	0	)
    (	9	0.25	0	)
    (	9.25	0.25	0	)
    (	9.5	0.25	0	)
    (	9.75	0.25	0	)
    (	10	0.25	0	)
    (	-0.5	-0.25	0	)
    (	-0.25	-0.25	0	)
    (	0	-0.25	0	)
    (	0.25	-0.25	0	)
    (	0.5	-0.25	0	)
    (	0.75	-0.25	0	)
    (	1	-0.25	0	)
    (	1.25	-0.25	0	)
    (	1.5	-0.25	0	)
    (	1.75	-0.25	0	)
    (	2	-0.25	0	)
    (	2.25	-0.25	0	)
    (	2.5	-0.25	0	)
    (	2.75	-0.25	0	)
    (	3	-0.25	0	)
    (	3.25	-0.25	0	)
    (	3.5	-0.25	0	)
    (	3.75	-0.25	0	)
    (	4	-0.25	0	)
    (	4.25	-0.25	0	)
    (	4.5	-0.25	0	)
    (	4.75	-0.25	0	)
    (	5	-0.25	0	)
    (	5.25	-0.25	0	)
    (	5.5	-0.25	0	)
    (	5.75	-0.25	0	)
    (	6	-0.25	0	)
    (	6.25	-0.25	0	)
    (	6.5	-0.25	0	)
    (	6.75	-0.25	0	)
    (	7	-0.25	0	)
    (	7.25	-0.25	0	)
    (	7.5	-0.25	0	)
    (	7.75	-0.25	0	)
    (	8	-0.25	0	)
    (	8.25	-0.25	0	)
    (	8.5	-0.25	0	)
    (	8.75	-0.25	0	)
    (	9	-0.25	0	)
    (	9.25	-0.25	0	)
    (	9.5	-0.25	0	)
    (	9.75	-0.25	0	)
    (	10	-0.25	0	)
    (	-0.5	0.5	0	)
    (	-0.25	0.5	0	)
    (	0	0.5	0	)
    (	0.25	0.5	0	)
    (	0.5	0.5	0	)
    (	0.75	0.5	0	)
    (	1	0.5	0	)
    (	1.25	0.5	0	)
    (	1.5	0.5	0	)
    (	1.75	0.5	0	)
    (	2	0.5	0	)
    (	2.25	0.5	0	)
    (	2.5	0.5	0	)
    (	2.75	0.5	0	)
    (	3	0.5	0	)
    (	3.25	0.5	0	)
    (	3.5	0.5	0	)
    (	3.75	0.5	0	)
    (	4	0.5	0	)
    (	4.25	0.5	0	)
    (	4.5	0.5	0	)
    (	4.75	0.5	0	)
    (	5	0.5	0	)
    (	5.25	0.5	0	)
    (	5.5	0.5	0	)
    (	5.75	0.5	0	)
    (	6	0.5	0	)
    (	6.25	0.5	0	)
    (	6.5	0.5	0	)
    (	6.75	0.5	0	)
    (	7	0.5	0	)
    (	7.25	0.5	0	)
    (	7.5	0.5	0	)
    (	7.75	0.5	0	)
    (	8	0.5	0	)
    (	8.25	0.5	0	)
    (	8.5	0.5	0	)
    (	8.75	0.5	0	)
    (	9	0.5	0	)
    (	9.25	0.5	0	)
    (	9.5	0.5	0	)
    (	9.75	0.5	0	)
    (	10	0.5	0	)
    (	-0.5	-0.5	0	)
    (	-0.25	-0.5	0	)
    (	0	-0.5	0	)
    (	0.25	-0.5	0	)
    (	0.5	-0.5	0	)
    (	0.75	-0.5	0	)
    (	1	-0.5	0	)
    (	1.25	-0.5	0	)
    (	1.5	-0.5	0	)
    (	1.75	-0.5	0	)
    (	2	-0.5	0	)
    (	2.25	-0.5	0	)
    (	2.5	-0.5	0	)
    (	2.75	-0.5	0	)
    (	3	-0.5	0	)
    (	3.25	-0.5	0	)
    (	3.5	-0.5	0	)
    (	3.75	-0.5	0	)
    (	4	-0.5	0	)
    (	4.25	-0.5	0	)
    (	4.5	-0.5	0	)
    (	4.75	-0.5	0	)
    (	5	-0.5	0	)
    (	5.25	-0.5	0	)
    (	5.5	-0.5	0	)
    (	5.75	-0.5	0	)
    (	6	-0.5	0	)
    (	6.25	-0.5	0	)
    (	6.5	-0.5	0	)
    (	6.75	-0.5	0	)
    (	7	-0.5	0	)
    (	7.25	-0.5	0	)
    (	7.5	-0.5	0	)
    (	7.75	-0.5	0	)
    (	8	-0.5	0	)
    (	8.25	-0.5	0	)
    (	8.5	-0.5	0	)
    (	8.75	-0.5	0	)
    (	9	-0.5	0	)
    (	9.25	-0.5	0	)
    (	9.5	-0.5	0	)
    (	9.75	-0.5	0	)
    (	10	-0.5	0	)
    (	-0.5	0.75	0	)
    (	-0.25	0.75	0	)
    (	0	0.75	0	)
    (	0.25	0.75	0	)
    (	0.5	0.75	0	)
    (	0.75	0.75	0	)
    (	1	0.75	0	)
    (	1.25	0.75	0	)
    (	1.5	0.75	0	)
    (	1.75	0.75	0	)
    (	2	0.75	0	)
    (	2.25	0.75	0	)
    (	2.5	0.75	0	)
    (	2.75	0.75	0	)
    (	3	0.75	0	)
    (	3.25	0.75	0	)
    (	3.5	0.75	0	)
    (	3.75	0.75	0	)
    (	4	0.75	0	)
    (	4.25	0.75	0	)
    (	4.5	0.75	0	)
    (	4.75	0.75	0	)
    (	5	0.75	0	)
    (	5.25	0.75	0	)
    (	5.5	0.75	0	)
    (	5.75	0.75	0	)
    (	6	0.75	0	)
    (	6.25	0.75	0	)
    (	6.5	0.75	0	)
    (	6.75	0.75	0	)
    (	7	0.75	0	)
    (	7.25	0.75	0	)
    (	7.5	0.75	0	)
    (	7.75	0.75	0	)
    (	8	0.75	0	)
    (	8.25	0.75	0	)
    (	8.5	0.75	0	)
    (	8.75	0.75	0	)
    (	9	0.75	0	)
    (	9.25	0.75	0	)
    (	9.5	0.75	0	)
    (	9.75	0.75	0	)
    (	10	0.75	0	)
    (	-0.5	-0.75	0	)
    (	-0.25	-0.75	0	)
    (	0	-0.75	0	)
    (	0.25	-0.75	0	)
    (	0.5	-0.75	0	)
    (	0.75	-0.75	0	)
    (	1	-0.75	0	)
    (	1.25	-0.75	0	)
    (	1.5	-0.75	0	)
    (	1.75	-0.75	0	)
    (	2	-0.75	0	)
    (	2.25	-0.75	0	)
    (	2.5	-0.75	0	)
    (	2.75	-0.75	0	)
    (	3	-0.75	0	)
    (	3.25	-0.75	0	)
    (	3.5	-0.75	0	)
    (	3.75	-0.75	0	)
    (	4	-0.75	0	)
    (	4.25	-0.75	0	)
    (	4.5	-0.75	0	)
    (	4.75	-0.75	0	)
    (	5	-0.75	0	)
    (	5.25	-0.75	0	)
    (	5.5	-0.75	0	)
    (	5.75	-0.75	0	)
    (	6	-0.75	0	)
    (	6.25	-0.75	0	)
    (	6.5	-0.75	0	)
    (	6.75	-0.75	0	)
    (	7	-0.75	0	)
    (	7.25	-0.75	0	)
    (	7.5	-0.75	0	)
    (	7.75	-0.75	0	)
    (	8	-0.75	0	)
    (	8.25	-0.75	0	)
    (	8.5	-0.75	0	)
    (	8.75	-0.75	0	)
    (	9	-0.75	0	)
    (	9.25	-0.75	0	)
    (	9.5	-0.75	0	)
    (	9.75	-0.75	0	)
    (	10	-0.75	0	)
    (	-0.5	1	0	)
    (	-0.25	1	0	)
    (	0	1	0	)
    (	0.25	1	0	)
    (	0.5	1	0	)
    (	0.75	1	0	)
    (	1	1	0	)
    (	1.25	1	0	)
    (	1.5	1	0	)
    (	1.75	1	0	)
    (	2	1	0	)
    (	2.25	1	0	)
    (	2.5	1	0	)
    (	2.75	1	0	)
    (	3	1	0	)
    (	3.25	1	0	)
    (	3.5	1	0	)
    (	3.75	1	0	)
    (	4	1	0	)
    (	4.25	1	0	)
    (	4.5	1	0	)
    (	4.75	1	0	)
    (	5	1	0	)
    (	5.25	1	0	)
    (	5.5	1	0	)
    (	5.75	1	0	)
    (	6	1	0	)
    (	6.25	1	0	)
    (	6.5	1	0	)
    (	6.75	1	0	)
    (	7	1	0	)
    (	7.25	1	0	)
    (	7.5	1	0	)
    (	7.75	1	0	)
    (	8	1	0	)
    (	8.25	1	0	)
    (	8.5	1	0	)
    (	8.75	1	0	)
    (	9	1	0	)
    (	9.25	1	0	)
    (	9.5	1	0	)
    (	9.75	1	0	)
    (	10	1	0	)
    (	-0.5	-1	0	)
    (	-0.25	-1	0	)
    (	0	-1	0	)
    (	0.25	-1	0	)
    (	0.5	-1	0	)
    (	0.75	-1	0	)
    (	1	-1	0	)
    (	1.25	-1	0	)
    (	1.5	-1	0	)
    (	1.75	-1	0	)
    (	2	-1	0	)
    (	2.25	-1	0	)
    (	2.5	-1	0	)
    (	2.75	-1	0	)
    (	3	-1	0	)
    (	3.25	-1	0	)
    (	3.5	-1	0	)
    (	3.75	-1	0	)
    (	4	-1	0	)
    (	4.25	-1	0	)
    (	4.5	-1	0	)
    (	4.75	-1	0	)
    (	5	-1	0	)
    (	5.25	-1	0	)
    (	5.5	-1	0	)
    (	5.75	-1	0	)
    (	6	-1	0	)
    (	6.25	-1	0	)
    (	6.5	-1	0	)
    (	6.75	-1	0	)
    (	7	-1	0	)
    (	7.25	-1	0	)
    (	7.5	-1	0	)
    (	7.75	-1	0	)
    (	8	-1	0	)
    (	8.25	-1	0	)
    (	8.5	-1	0	)
    (	8.75	-1	0	)
    (	9	-1	0	)
    (	9.25	-1	0	)
    (	9.5	-1	0	)
    (	9.75	-1	0	)
    (	10	-1	0	)
);

// ************************************************************************* //
