/*--------------------------------*- C++ -*----------------------------------*\
  =========                 |
  \\      /  F ield         | OpenFOAM: The Open Source CFD Toolbox
   \\    /   O peration     | Website:  https://openfoam.org
    \\  /    A nd           | Version:  6
     \\/     M anipulation  |
\*---------------------------------------------------------------------------*/
FoamFile
{
    version     2.0;
    format      ascii;
    class       regIOobject;
    location    "constant/polyMesh";
    object      cellZones;
}
// * * * * * * * * * * * * * * * * * * * * * * * * * * * * * * * * * * * * * //

1
(
canopy
{
    type cellZone;
cellLabels      List<label> 
280
(
233263
233264
233390
233391
233392
233393
233518
233519
233520
233521
233647
233648
241326
241327
241328
241329
241453
241454
241455
241456
241457
241458
241581
241582
241583
241584
241585
241586
241709
241710
241711
241712
241713
241714
241837
241838
241839
241840
241841
241842
241966
241967
241968
241969
249391
249392
249517
249518
249519
249520
249521
249522
249645
249646
249647
249648
249649
249650
249772
249773
249774
249775
249776
249777
249778
249779
249900
249901
249902
249903
249904
249905
249906
249907
250029
250030
250031
250032
250033
250034
250157
250158
250159
250160
250161
250162
250287
250288
257582
257583
257584
257585
257709
257710
257711
257712
257713
257714
257836
257837
257838
257839
257840
257841
257842
257843
257964
257965
257966
257967
257968
257969
257970
257971
258092
258093
258094
258095
258096
258097
258098
258099
258220
258221
258222
258223
258224
258225
258226
258227
258349
258350
258351
258352
258353
258354
258478
258479
258480
258481
265774
265775
265776
265777
265901
265902
265903
265904
265905
265906
266028
266029
266030
266031
266032
266033
266034
266035
266156
266157
266158
266159
266160
266161
266162
266163
266284
266285
266286
266287
266288
266289
266290
266291
266412
266413
266414
266415
266416
266417
266418
266419
266541
266542
266543
266544
266545
266546
266670
266671
266672
266673
273967
273968
274093
274094
274095
274096
274097
274098
274221
274222
274223
274224
274225
274226
274348
274349
274350
274351
274352
274353
274354
274355
274476
274477
274478
274479
274480
274481
274482
274483
274605
274606
274607
274608
274609
274610
274733
274734
274735
274736
274737
274738
274863
274864
282286
282287
282288
282289
282413
282414
282415
282416
282417
282418
282541
282542
282543
282544
282545
282546
282669
282670
282671
282672
282673
282674
282797
282798
282799
282800
282801
282802
282926
282927
282928
282929
290607
290608
290734
290735
290736
290737
290862
290863
290864
290865
290991
290992
)
;
}
)

// ************************************************************************* //
