/*--------------------------------*- C++ -*----------------------------------*\
  =========                 |
  \\      /  F ield         | OpenFOAM: The Open Source CFD Toolbox
   \\    /   O peration     | Website:  https://openfoam.org
    \\  /    A nd           | Version:  6
     \\/     M anipulation  |
-------------------------------------------------------------------------------
Description
    Writes out values of fields from cells nearest to specified locations.

\*---------------------------------------------------------------------------*/

#includeEtc "caseDicts/postProcessing/probes/probes.cfg"

fields (p U T UMean UPrime2Mean);
probeLocations
(
    (1.0 0.0 0.0)
    (2.4 0.0 0.0)
    (3.0 0.0 0.0)
    (4.3 0.0 0.0)
    (5.0 0.0 0.0)
    (5.8 0.0 0.0)
    (9.5 0.0 0.0)

    (1.0 0.25 0.0)
    (2.4 0.25 0.0)
    (3.0 0.25 0.0)
    (4.3 0.25 0.0)
    (5.0 0.25 0.0)
    (5.8 0.25 0.0)
    (9.5 0.25 0.0)

    (1.0 0.5 0.0)
    (2.4 0.5 0.0)
    (3.0 0.5 0.0)
    (4.3 0.5 0.0)
    (5.0 0.5 0.0)
    (5.8 0.5 0.0)
    (9.5 0.5 0.0)

    (1.0 0.75 0.0)
    (2.4 0.75 0.0)
    (3.0 0.75 0.0)
    (4.3 0.75 0.0)
    (5.0 0.75 0.0)
    (5.8 0.75 0.0)
    (9.5 0.75 0.0)

    (1.0 1.00 0.0)
    (2.4 1.00 0.0)
    (3.0 1.00 0.0)
    (4.3 1.00 0.0)
    (5.0 1.00 0.0)
    (5.8 1.00 0.0)
    (9.5 1.00 0.0)

    (1.0 1.25 0.0)
    (2.4 1.25 0.0)
    (3.0 1.25 0.0)
    (4.3 1.25 0.0)
    (5.0 1.25 0.0)
    (5.8 1.25 0.0)
    (9.5 1.25 0.0)

    (1.0 1.30 0.0)
    (2.4 1.30 0.0)
    (3.0 1.30 0.0)
    (4.3 1.30 0.0)
    (5.0 1.30 0.0)
    (5.8 1.30 0.0)
    (9.5 1.30 0.0)

    (1.0 1.50 0.0)
    (2.4 1.50 0.0)
    (3.0 1.50 0.0)
    (4.3 1.50 0.0)
    (5.0 1.50 0.0)
    (5.8 1.50 0.0)
    (9.5 1.50 0.0)

);

// ************************************************************************* //
