/*--------------------------------*- C++ -*----------------------------------*\
  =========                 |
  \\      /  F ield         | OpenFOAM: The Open Source CFD Toolbox
   \\    /   O peration     | Website:  https://openfoam.org
    \\  /    A nd           | Version:  6
     \\/     M anipulation  |
\*---------------------------------------------------------------------------*/
FoamFile
{
    version     2.0;
    format      ascii;
    class       cellSet;
    location    "constant/polyMesh/sets";
    object      canopy;
}
// * * * * * * * * * * * * * * * * * * * * * * * * * * * * * * * * * * * * * //


280
(
274476 
266284 
258092 
249900 
282669 
274477 
266285 
258093 
249901 
241709 
290862 
282670 
274478 
266286 
258094 
249902 
241710 
233518 
290863 
282671 
274479 
266287 
258095 
249903 
241711 
233519 
290864 
282672 
274480 
266288 
258096 
249904 
241712 
233520 
290865 
282673 
274481 
266289 
258097 
249905 
241713 
233521 
282674 
274482 
266290 
258098 
249906 
241714 
274483 
266291 
258099 
249907 
266412 
258220 
282797 
274605 
266413 
258221 
250029 
241837 
282798 
274606 
266414 
258222 
250030 
241838 
290991 
282799 
274607 
266415 
258223 
250031 
241839 
233647 
290992 
282800 
274608 
266416 
258224 
250032 
241840 
233648 
282801 
274609 
266417 
258225 
250033 
241841 
282802 
274610 
266418 
258226 
250034 
241842 
266419 
258227 
274733 
266541 
258349 
250157 
282926 
274734 
266542 
258350 
250158 
241966 
282927 
274735 
266543 
258351 
250159 
241967 
282928 
274736 
266544 
258352 
250160 
241968 
282929 
274737 
266545 
258353 
250161 
241969 
274738 
266546 
258354 
250162 
266670 
258478 
274863 
266671 
258479 
250287 
274864 
266672 
258480 
250288 
266673 
258481 
265774 
257582 
273967 
265775 
257583 
249391 
273968 
265776 
257584 
249392 
265777 
257585 
274093 
265901 
257709 
249517 
282286 
274094 
265902 
257710 
249518 
241326 
282287 
274095 
265903 
257711 
249519 
241327 
282288 
274096 
265904 
257712 
249520 
241328 
282289 
274097 
265905 
257713 
249521 
241329 
274098 
265906 
257714 
249522 
266028 
257836 
282413 
274221 
266029 
257837 
249645 
241453 
282414 
274222 
266030 
257838 
249646 
241454 
290607 
282415 
274223 
266031 
257839 
249647 
241455 
233263 
290608 
282416 
274224 
266032 
257840 
249648 
241456 
233264 
282417 
274225 
266033 
257841 
249649 
241457 
282418 
274226 
266034 
257842 
249650 
241458 
266035 
257843 
274348 
266156 
257964 
249772 
282541 
274349 
266157 
257965 
249773 
241581 
290734 
282542 
274350 
266158 
257966 
249774 
241582 
233390 
290735 
282543 
274351 
266159 
257967 
249775 
241583 
233391 
290736 
282544 
274352 
266160 
257968 
249776 
241584 
233392 
290737 
282545 
274353 
266161 
257969 
249777 
241585 
233393 
282546 
274354 
266162 
257970 
249778 
241586 
274355 
266163 
257971 
249779 
)

// ************************************************************************* //
