/*--------------------------------*- C++ -*----------------------------------*\
  =========                 |
  \\      /  F ield         | OpenFOAM: The Open Source CFD Toolbox
   \\    /   O peration     | Website:  https://openfoam.org
    \\  /    A nd           | Version:  6
     \\/     M anipulation  |
-------------------------------------------------------------------------------
Description
    Writes out values of fields from cells nearest to specified locations.

\*---------------------------------------------------------------------------*/

#includeEtc "caseDicts/postProcessing/probes/probes.cfg"

fields (p U T UMean UPrime2Mean);
probeLocations
(
    (1.0 0.0 0.0)
    (2.4 0.0 0.0)
    (3.0 0.0 0.0)
    (5.0 0.0 0.0)

    (1.0 0.25 0.0)
    (2.4 0.25 0.0)
    (3.0 0.25 0.0)
    (5.0 0.25 0.0)

    (1.0 0.5 0.0)
    (2.4 0.5 0.0)
    (3.0 0.5 0.0)
    (5.0 0.5 0.0)

    (1.0 0.75 0.0)
    (2.4 0.75 0.0)
    (3.0 0.75 0.0)
    (5.0 0.75 0.0)

    (1.0 1.0 0.0)
    (2.4 1.0 0.0)
    (3.0 1.0 0.0)
    (5.0 1.0 0.0)

    (1.0 1.25 0.0)
    (2.4 1.25 0.0)
    (3.0 1.25 0.0)
    (5.0 1.25 0.0)

    (1.0 1.50 0.0)
    (2.4 1.50 0.0)
    (3.0 1.50 0.0)
    (5.0 1.50 0.0)

    (0.0 -1.5  0.0)
    (0.0 -1.0  0.0)
    (0.0  0.0  0.0)
    (0.0  1.0  0.0)
    (0.0  1.5  0.0)
    (0.0 -1.0 -1.0)
    (0.0  0.0 -1.0)
    (0.0  1.0 -1.0)
    (0.0  0.0 -1.5)
    (0.0 -1.0  1.0)
    (0.0  0.0  1.0)
    (0.0  1.0  1.0)
    (0.0  0.0  1.5)
    

    (	0.4	0	0	)
    (	0.395075336	0.062573786	0	)
    (	0.380422607	0.123606798	0	)
    (	0.35640261	0.1815962	0	)
    (	0.323606798	0.235114101	0	)
    (	0.282842712	0.282842712	0	)
    (	0.235114101	0.323606798	0	)
    (	0.1815962	0.35640261	0	)
    (	0.123606798	0.380422607	0	)
    (	0.062573786	0.395075336	0	)
    (	0	0.4	0	)
    (	-0.062573786	0.395075336	0	)
    (	-0.123606798	0.380422607	0	)
    (	-0.1815962	0.35640261	0	)
    (	-0.235114101	0.323606798	0	)
    (	-0.282842712	0.282842712	0	)
    (	-0.323606798	0.235114101	0	)
    (	-0.35640261	0.1815962	0	)
    (	-0.380422607	0.123606798	0	)
    (	-0.395075336	0.062573786	0	)
    (	-0.4	0	0	)

    (	0.6	0	0	)
    (	0.592613004	0.093860679	0	)
    (	0.57063391	0.185410197	0	)
    (	0.534603915	0.2723943	0	)
    (	0.485410197	0.352671151	0	)
    (	0.424264069	0.424264069	0	)
    (	0.352671151	0.485410197	0	)
    (	0.2723943	0.534603915	0	)
    (	0.185410197	0.57063391	0	)
    (	0.093860679	0.592613004	0	)
    (	0	0.6	0	)
    (	-0.093860679	0.592613004	0	)
    (	-0.185410197	0.57063391	0	)
    (	-0.2723943	0.534603915	0	)
    (	-0.352671151	0.485410197	0	)
    (	-0.424264069	0.424264069	0	)
    (	-0.485410197	0.352671151	0	)
    (	-0.534603915	0.2723943	0	)
    (	-0.57063391	0.185410197	0	)
    (	-0.592613004	0.093860679	0	)
    (	-0.6	0	0	)
);

// ************************************************************************* //
